0245 0256 0266 0276 0286 0296 0308 0319 0330 0341 0352 0363 0374 0386 0397 0409 0421 0432
0445 0456 0467 0477 0489 0501 0512 0523 0535 0546 0558 0569 0581 0593 0603 0614 0626 0637
0650 0661 0673 0684 0695 0707 0718 0730 0741 0752 0763 0775 0786 0797 0809 0821 0832 0844
0856 0868 0878 0890 0901 0913 0924 0935 0946 0958 0970 0980 0992 1003 1015 1026 1037 1049
1062 1073 1084 1096 1106 1118 1130 1141 1153 1164 1175 1186 1198 1210 1221 1231 1243 1254
1267 1278 1290 1302 1313 1324 1336 1347 1358 1369 1381 1392 1404 1415 1426 1438 1450 1461
1473 1485 1496 1506 1518 1529 1541 1553 1564 1576 1587 1598 1610 1622 1632 1643 1654 1666
1678 1690 1702 1713 1725 1736 1747 1759 1769 1781 1792 1804 1815 1827 1838 1850 1862 1873
1885 1897 1907 1918 1930 1941 1953 1964 1976 1987 1999 2010 2022 2032 2044 2055 2066 2078
2091 2102 2114 2125 2137 2148 2159 2170 2181 2193 2204 2215 2227 2238 2250 2262 2273 2285
2297 2307 2319 2331 2342 2353 2365 2376 2388 2399 2411 2422 2433 2444 2455 2467 2478 2489
2502 2514 2525 2537 2548 2560 2571 2582 2593 2605 2616 2627 2638 2649 2660 2671 2682 2692
